None 1 1 1 1 1 1 1 1 1 1 1 1 1 1 1 1 1 1 
Normal 1 1 1 1 1 1 2 1 1 1 1 1 1 0 1 1 1 1 
Fire 1 5 2 1 5 5 1 1 2 1 1 5 2 1 1 1 2 2 
Water 1 5 5 2 2 5 1 1 1 1 1 1 1 1 1 1 5 1 
Electro 1 1 1 5 1 1 1 1 2 5 1 1 1 1 1 1 5 1 
Grass 1 2 5 5 5 2 1 2 5 2 1 2 1 1 1 1 1 1 
Ice 1 2 1 1 1 5 2 1 1 1 1 1 2 1 1 1 2 1 
Fight 1 1 1 1 1 1 1 1 1 2 2 5 5 1 1 5 1 2 
Poison 1 1 1 1 5 1 5 5 2 1 2 5 1 1 1 1 1 5 
Ground 1 1 2 0 2 2 1 5 1 1 1 1 5 1 1 1 1 1 
Flying 1 1 1 2 5 2 5 1 0 1 1 5 2 1 1 1 1 1 
Psycho 1 1 1 1 1 1 5 1 1 1 5 2 1 2 1 2 1 1 
Bug 1 2 1 1 5 1 5 1 5 2 1 1 2 1 1 1 1 1 
Rock 5 5 2 1 2 1 2 5 2 5 1 1 1 1 1 1 2 1 
Ghost 0 1 1 1 1 1 0 5 1 1 1 5 1 2 1 2 1 1 
Dragon 1 5 5 5 5 2 1 1 1 1 1 1 1 1 2 1 1 2 
Dark 1 1 1 1 1 1 2 1 1 1 0 2 1 5 1 5 1 2 
Steel 5 2 1 1 5 5 2 0 2 5 5 5 5 1 5 1 5 5 
Fairy 1 1 1 1 1 1 5 2 1 1 1 5 1 1 0 5 2 1 
